3 5
-0.050862 0.370620 0.150614
Rd
-0.990552 -0.137136 -0.000000
-0.137136 0.990552 0.000000
0.000000 0.000000 -1.000000
-0.050862 0.370620 0.050614
Rd
-0.990552 -0.137136 -0.000000
-0.137136 0.990552 0.000000
0.000000 0.000000 -1.000000
-0.050862 0.370620 0.150614
Rd
-0.990552 -0.137136 -0.000000
-0.137136 0.990552 0.000000
0.000000 0.000000 -1.000000
