7 7
-0.102382 0.517292 0.005125
Rd
-0.993248 -0.116010 -0.000000
-0.116010 0.993248 0.000000
0.000000 0.000000 -1.000000
-0.102382 0.517292 -0.098876
Rd
-0.993248 -0.116010 -0.000000
-0.116010 0.993248 0.000000
0.000000 0.000000 -1.000000
-0.102382 0.517292 0.305125
Rd
-0.993248 -0.116010 -0.000000
-0.116010 0.993248 0.000000
0.000000 0.000000 -1.000000
-0.102382 0.517292 0.305125
Rd
0.995121 0.098658 0.000000
0.098658 -0.995121 -0.000000
0.000000 0.000000 -1.000000
0.497700 0.351700 0.326000
Rd
-0.026201 0.366461 0.930063
-0.010867 0.930214 -0.366834
-0.999588 -0.019719 -0.020391
0.497700 0.351700 0.326000
Rd
-0.026201 0.366461 0.930063
-0.010867 0.930214 -0.366834
-0.999588 -0.019719 -0.020391
-0.038289 0.390762 0.259696
Rd
-0.167693 0.985335 0.031224
0.985095 0.168707 -0.033265
-0.038045 0.025180 -0.998959
