10 10
0.634566 0.093508 0.150824
Rd
0.999944 0.010598 0.000000
0.010598 -0.999944 -0.000000
0.000000 0.000000 -1.000000
0.634566 0.093508 0.050824
Rd
0.999944 0.010598 0.000000
0.010598 -0.999944 -0.000000
0.000000 0.000000 -1.000000
0.634566 0.093508 0.150824
Rd
0.999944 0.010598 0.000000
0.010598 -0.999944 -0.000000
0.000000 0.000000 -1.000000
0.345221 -0.0134928 0.464096
Rd
0.996211 -0.07572 0.0425572
-0.0779264 -0.995549 0.0528266
0.0383678 -0.0559428 -0.997696

0.380195 -0.236396 0.450287
Rd
0.998199 -0.055564 0.0221972
-0.0548503 -0.997986 -0.0315651
0.0239064 0.0302907 -0.999255

0.0364819 -0.476834 0.418769
Rd
0.992861 0.119054 0.00580803
0.118827 -0.992444 0.0302773
0.00936878 -0.029371 -0.999525

-0.361244 -0.645133 0.31339
Rd
0.99795 0.0524022 -0.0364845
0.0501579 -0.996932 -0.0599274
-0.0395129 0.0579745 -0.997536

-0.578073 -0.65563 0.360183
Rd
-0.0165911 0.0565945 -0.998259
0.0101416 -0.998326 -0.0567679
-0.999801 -0.0110658 0.0159897


